233 444
760 516
131 93
133 204
632 454
144 388
78 477
182 373
628 365
623 169
735 523
282 365
408 95
229 125
611 469
424 282
726 546
94 319
578 86
652 533
832 80
655 453
495 204
258 453
844 169
177 302
675 88
529 319
636 515
122 354
376 160
615 486
489 618
335 582
789 182
380 514
556 542
639 231
328 191
327 346
851 239
477 490
518 495
808 446
305 229
90 398
243 627
581 460
90 401
578 620
814 121
724 564
447 522
840 469
615 543
740 222
86 536
801 620
774 196
784 291
611 196
661 274
205 446
174 477
364 144
598 334
846 80
492 508
119 286
814 386
690 205
118 330
745 418
197 351
539 126
570 538
854 239
393 320
97 279
245 182
448 80
85 403
185 582
314 286
523 134
721 346
386 126
774 365
153 354
753 126
461 179
853 627
831 177
226 324
268 398
569 133
748 182
477 624
143 348
507 452
413 477
307 561
538 274
650 148
165 373
754 444
777 155
411 119
666 495
614 439
475 447
426 334
213 418
453 388
129 228
215 618
463 453
773 418
313 182
110 439
658 334
321 265
471 546
820 376
124 454
373 538
388 184
720 452
63 282
66 261
100 126
391 446
314 222
549 296
851 458
632 594
675 143
488 99
113 80
604 477
465 398
502 627
288 334
530 114
263 604
77 376
845 546
476 439
485 116
647 398
710 116
304 245
139 271
458 455
602 495
426 469
297 398
597 446
599 182
602 386
631 304
426 516
641 248
355 228
348 439
765 265
143 373
677 436
617 515
583 333
465 455
564 88
854 514
242 391
801 177
380 598
830 175
272 564
78 388
751 522
258 231
730 418
771 144
689 466
313 96
418 196
713 184
505 536
796 134
541 449
436 92
411 458
420 486
136 248
162 192
827 538
521 348
312 166
609 196
323 449