266 57 48
618 49 20
96 48 13
148 52 56
258 58 20
279 47 12
116 59 15
182 16 36
629 15 19
437 16 58
495 27 27
453 13 34
204 58 58
169 12 50
466 10 20
594 56 34
388 37 29
627 16 53
282 52 23
348 11 13
291 21 10
486 52 32
554 22 24
391 19 47
319 34 15
119 28 34
92 44 55
351 29 26
87 49 56
155 58 22
561 18 52
226 56 35
515 58 34
363 22 35
471 45 13
176 40 48
274 51 51
446 31 45
609 17 16
191 19 51
231 59 18
490 40 21
99 47 13
354 46 26
601 15 20
514 34 55
546 42 20
239 32 44
508 13 15
105 55 35
346 39 38
302 36 27
536 27 16
418 10 53
193 25 42
516 37 33
358 10 12
121 58 41
330 57 58
522 34 31
93 46 13
564 18 29
452 57 29
476 51 49
423 54 20
126 58 28
143 11 15
320 46 34
177 45 44
114 25 43
275 35 16
482 19 12
541 50 15
80 12 53
304 59 39
179 54 26
538 25 14
365 11 58
542 52 16
334 20 38