Sephiroth 
7500 10 6 150 1
4550 5000
4
1
0
2
2
4550 5000
2
2
1
4470 4549
5
1
2
1
0
2
5001 5069
2
2
1
5070 5175
5
1
2
2
0
1
5176 5477
3
0
1
0
5478 5511
4
0
0
1
2
4345 4469
3
2
0
1
4054 4344
5
2
2
2
1
1
3802 4053
2
2
0
3593 3801
5
2
0
0
0
0
3564 3592
4
2
0
1
2
5512 5800
4
2
2
1
2
3205 3563
5
1
1
0
1
1
3133 3204
3
0
1
2
2907 3132
3
0
2
2
2714 2906
5
1
1
0
1
1
5801 6158
4
1
0
0
2
6159 6207
4
0
2
0
1
2453 2713
3
0
1
1
2233 2452
5
0
1
2
2
0
2171 2232
4
1
1
2
2
6208 6461
2
0
0
1993 2170
2
1
0
1867 1992
3
1
2
2
1548 1866
3
2
0
2
6462 6522
5
0
2
1
1
1
6523 6653
4
1
2
0
2
1518 1547
5
1
0
1
0
2
6654 7011
4
1
2
2
2
1157 1517
5
2
1
1
1
2
7012 7409
2
0
1
1009 1156
6
0
0
0
1
1
0
7410 7499
5
0
0
1
2
0
7500 7596
4
0
0
2
1
7597 7797
3
1
2
0
826 1008
4
2
2
0
2
7798 8149
2
2
1
632 825
6
0
0
0
2
2
1
329 631
2
2
2
24 328
4
2
2
0
2
8150 8210
4
0
2
1
0
8211 8263
4
2
0
2
1
8264 8566
3
1
2
0
8567 8900
4
0
2
1
0
8901 8910
5
0
2
2
0
2
8911 8947
5
0
2
2
0
1
8948 9029
6
0
1
1
2
0
1
9030 9249
6
1
2
2
2
1
1
9250 9648
6
0
1
0
1
1
0
9649 9671
6
0
0
1
2
0
2
9672 9794
6
0
1
1
0
0
0
9795 9917
2
2
1
9918 9986
5
0
0
1
2
2
0 23
4
2
2
0
0
9987 10000
3
0
0
0